%YAML:1.0

#--------------------------------------------------------------------------------------------
# Camera Parameters. Adjust them!
#--------------------------------------------------------------------------------------------

# 相机类型
# 单目1，RGBD2，双目3
Camera.type: 3

# Camera calibration and distortion parameters (OpenCV) 
Camera.fx: 1.2315846146586534e+03
Camera.fy: 1.2315846146586534e+03
Camera.cx: 5.7774543762207031e+02
Camera.cy: 2.7790315628051758e+02

Camera.k1: 0.0
Camera.k2: 0.0
Camera.p1: 0.0
Camera.p2: 0.0

Camera.width: 1280
Camera.height: 720

# Camera frames per second 
Camera.fps: 3.0

# stereo baseline times fx
Camera.bf: 4.9527564024823619e+02

# Color order of the images (0: BGR, 1: RGB. It is ignored if images are grayscale)
Camera.RGB: 1

# Close/Far threshold. Baseline times.
ThDepth: 35

#--------------------------------------------------------------------------------------------
# Stereo Rectification. Only if you need to pre-rectify the images.
# Camera.fx, .fy, etc must be the same as in LEFT.P
#--------------------------------------------------------------------------------------------
LEFT.width: 1280
LEFT.height: 720
LEFT.D: !!opencv-matrix
   rows: 1
   cols: 14
   dt: d
   data: [ -5.0291590904286476e-01, 5.0125488333385126e-01, 0., 0., 0.,
       0., 0., 3.5728285836371387e-01, 0., 0., 0., 0., 0., 0. ]
LEFT.K: !!opencv-matrix
   rows: 3
   cols: 3
   dt: d
   data: [ 1.2254893224638497e+03, 0., 6.9253635400109113e+02, 0.,
       1.1888913095344762e+03, 3.0629974546740340e+02, 0., 0., 1. ]
LEFT.R: !!opencv-matrix
   rows: 3
   cols: 3
   dt: d
   data: [ 9.9099756393435012e-01, -9.3981250649768418e-03,
       1.3354962943208296e-01, 1.0584077082926625e-02,
       9.9991058515858366e-01, -8.1730655277800109e-03,
       -1.3346087662115180e-01, 9.5129876002112302e-03,
       9.9100842452444982e-01 ]
LEFT.P: !!opencv-matrix
   rows: 3
   cols: 4
   dt: d
   data: [ 1.2315846146586534e+03, 0., 5.7774543762207031e+02, 0., 0.,
       1.2315846146586534e+03, 2.7790315628051758e+02, 0., 0., 0., 1.,
       0. ]

RIGHT.width: 1280
RIGHT.height: 720
RIGHT.D: !!opencv-matrix
   rows: 1
   cols: 14
   dt: d
   data: [ -4.6797257076899573e-01, 4.0811517134981473e-01, 0., 0., 0.,
       0., 0., 3.2322732775598179e-01, 0., 0., 0., 0., 0., 0. ]
RIGHT.K: !!opencv-matrix
   rows: 3
   cols: 3
   dt: d
   data: [ 1.2254893224638497e+03, 0., 7.7456946882571003e+02, 0.,
       1.1888913095344762e+03, 2.9533769589449906e+02, 0., 0., 1. ]
RIGHT.R: !!opencv-matrix
   rows: 3
   cols: 3
   dt: d
   data: [ 9.9237365460533156e-01, 5.8612654121232106e-03,
       1.2312666329039763e-01, -6.9543920455422690e-03,
       9.9994011374894465e-01, 8.4501684613011059e-03,
       -1.2306976101599942e-01, -9.2419956457530181e-03,
       9.9235498660507004e-01 ]
RIGHT.P: !!opencv-matrix
   rows: 3
   cols: 4
   dt: d
   data: [ 1.2315846146586534e+03, 0., 5.7774543762207031e+02,
       -4.9527564024823619e+02, 0., 1.2315846146586534e+03,
       2.7790315628051758e+02, 0., 0., 0., 1., 0. ]
