%YAML:1.0

#--------------------------------------------------------------------------------------------
# Camera Parameters. Adjust them!
#--------------------------------------------------------------------------------------------

# 相机类型
# 单目1，RGBD2，双目3
Camera.type: 3

# Camera calibration and distortion parameters (OpenCV) 
Camera.fx: 8.5865145411718402e+02
Camera.fy: 8.5865145411718402e+02
Camera.cx: 3.0976225280761719e+02
Camera.cy: 2.1458747100830078e+02

Camera.k1: 0.0
Camera.k2: 0.0
Camera.p1: 0.0
Camera.p2: 0.0

Camera.width: 720
Camera.height: 480

# Camera frames per second 
Camera.fps: 3.0

# stereo baseline times fx
Camera.bf: 3.5685689050467710e+02

# Color order of the images (0: BGR, 1: RGB. It is ignored if images are grayscale)
Camera.RGB: 1

# Close/Far threshold. Baseline times.
ThDepth: 35

#--------------------------------------------------------------------------------------------
# Stereo Rectification. Only if you need to pre-rectify the images.
# Camera.fx, .fy, etc must be the same as in LEFT.P
#--------------------------------------------------------------------------------------------
LEFT.width: 720
LEFT.height: 480
LEFT.D: !!opencv-matrix
   rows: 1
   cols: 14
   dt: d
   data: [ -5.0636613386289109e-01, 1.9258051207677360e-01, 0., 0., 0.,
       0., 0., -2.8871520711449078e-01, 0., 0., 0., 0., 0., 0. ]
LEFT.K: !!opencv-matrix
   rows: 3
   cols: 3
   dt: d
   data: [ 7.1900138539858858e+02, 0., 3.6600194063372766e+02, 0.,
       8.3026888657248708e+02, 2.2725519158447543e+02, 0., 0., 1. ]
LEFT.R: !!opencv-matrix
   rows: 3
   cols: 3
   dt: d
   data: [ 9.9590031183752092e-01, -1.9201791319693403e-02,
       8.8396041155946459e-02, 1.9995472538282644e-02,
       9.9976724310695808e-01, -8.1018941170206884e-03,
       -8.8219895487920516e-02, 9.8361994910421066e-03,
       9.9605245806617682e-01 ]
LEFT.P: !!opencv-matrix
   rows: 3
   cols: 4
   dt: d
   data: [ 8.5865145411718402e+02, 0., 3.0976225280761719e+02, 0., 0.,
       8.5865145411718402e+02, 2.1458747100830078e+02, 0., 0., 0., 1.,
       0. ]

RIGHT.width: 720
RIGHT.height: 480
RIGHT.D: !!opencv-matrix
   rows: 1
   cols: 14
   dt: d
   data: [ -5.4931305852871426e-01, 5.8373850086066925e-01, 0., 0., 0.,
       0., 0., 7.3577405434290444e-01, 0., 0., 0., 0., 0., 0. ]
RIGHT.K: !!opencv-matrix
   rows: 3
   cols: 3
   dt: d
   data: [ 7.1900138539858858e+02, 0., 3.4779585424459759e+02, 0.,
       8.3026888657248708e+02, 2.1885128384186845e+02, 0., 0., 1. ]
RIGHT.R: !!opencv-matrix
   rows: 3
   cols: 3
   dt: d
   data: [ 9.9984327174917809e-01, 7.9199565287155769e-04,
       -1.7686285104148720e-02, -6.3316555165062230e-04,
       9.9995944075723520e-01, 8.9842051324334309e-03,
       1.7692683213226965e-02, -8.9715987072133841e-03,
       9.9980322032755686e-01 ]
RIGHT.P: !!opencv-matrix
   rows: 3
   cols: 4
   dt: d
   data: [ 8.5865145411718402e+02, 0., 3.0976225280761719e+02,
       -3.5685689050467710e+02, 0., 8.5865145411718402e+02,
       2.1458747100830078e+02, 0., 0., 0., 1., 0. ]
