%YAML:1.0

#--------------------------------------------------------------------------------------------
# Camera Parameters. Adjust them!
#--------------------------------------------------------------------------------------------

# 相机类型
# 单目1，RGBD2，双目3
Camera.type: 3

# Camera calibration and distortion parameters (OpenCV) 
Camera.fx: 1.3565819849596562e+03
Camera.fy: 1.3565819849596562e+03
Camera.cx: 5.8301094055175781e+02
Camera.cy: 2.6307204437255859e+02

Camera.k1: 0.0
Camera.k2: 0.0
Camera.p1: 0.0
Camera.p2: 0.0

Camera.width: 1280
Camera.height: 720

# Camera frames per second 
Camera.fps: 3.0

# stereo baseline times fx
Camera.bf: 5.5431336281637766e+02

# Color order of the images (0: BGR, 1: RGB. It is ignored if images are grayscale)
Camera.RGB: 1

# Close/Far threshold. Baseline times.
ThDepth: 35

#--------------------------------------------------------------------------------------------
# Stereo Rectification. Only if you need to pre-rectify the images.
# Camera.fx, .fy, etc must be the same as in LEFT.P
#--------------------------------------------------------------------------------------------
LEFT.width: 1280
LEFT.height: 720
LEFT.D: !!opencv-matrix
   rows: 1
   cols: 14
   dt: d
   data: [ -4.9358230574305079e-01, 3.4466819905507412e-01, 0., 0., 0.,
       0., 0., 2.2223390712136221e-01, 0., 0., 0., 0., 0., 0. ]
LEFT.K: !!opencv-matrix
   rows: 3
   cols: 3
   dt: d
   data: [ 1.3023884325833628e+03, 0., 6.2938941783456153e+02, 0.,
       1.3046802689742483e+03, 2.9367491364129745e+02, 0., 0., 1. ]
LEFT.R: !!opencv-matrix
   rows: 3
   cols: 3
   dt: d
   data: [ 9.9910380435431589e-01, -8.3333733712135649e-03,
       4.1498710979845928e-02, 8.6660070738326257e-03,
       9.9993169867460652e-01, -7.8420856353429887e-03,
       -4.1430525535275507e-02, 8.1946857152497745e-03,
       9.9910778131285671e-01 ]
LEFT.P: !!opencv-matrix
   rows: 3
   cols: 4
   dt: d
   data: [ 1.3565819849596562e+03, 0., 5.8301094055175781e+02, 0., 0.,
       1.3565819849596562e+03, 2.6307204437255859e+02, 0., 0., 0., 1.,
       0. ]

RIGHT.width: 1280
RIGHT.height: 720
RIGHT.D: !!opencv-matrix
   rows: 1
   cols: 14
   dt: d
   data: [ -4.7354116420953896e-01, 2.6937076760950313e-01, 0., 0., 0.,
       0., 0., 9.4321091995909823e-02, 0., 0., 0., 0., 0., 0. ]
RIGHT.K: !!opencv-matrix
   rows: 3
   cols: 3
   dt: d
   data: [ 1.3023884325833628e+03, 0., 6.8004381272432715e+02, 0.,
       1.3046802689742483e+03, 2.8161964266601251e+02, 0., 0., 1. ]
RIGHT.R: !!opencv-matrix
   rows: 3
   cols: 3
   dt: d
   data: [ 9.9874359881383934e-01, 5.5797716711879983e-03,
       4.9800501769341060e-02, -5.9791267410438205e-03,
       9.9995112603291447e-01, 7.8737277652200267e-03,
       -4.9754134218125683e-02, -8.1615987161627844e-03,
       9.9872814841407220e-01 ]
RIGHT.P: !!opencv-matrix
   rows: 3
   cols: 4
   dt: d
   data: [ 1.3565819849596562e+03, 0., 5.8301094055175781e+02,
       -5.5431336281637766e+02, 0., 1.3565819849596562e+03,
       2.6307204437255859e+02, 0., 0., 0., 1., 0. ]
