%YAML:1.0
---
R: !!opencv-matrix
   rows: 3
   cols: 3
   dt: d
   data: [ 9.9985805392300386e-01, -1.4709341162738941e-02,
       -8.2162818757386177e-03, 1.4578493959818285e-02,
       9.9976944798860279e-01, -1.5764465814861878e-02,
       8.4462725013451281e-03, 1.5642447095085880e-02,
       9.9984197467885416e-01 ]
T: !!opencv-matrix
   rows: 3
   cols: 1
   dt: d
   data: [ -4.0809691488442895e-01, -2.2799521393436447e-03,
       -2.0348997636531845e-02 ]
R1: !!opencv-matrix
   rows: 3
   cols: 3
   dt: d
   data: [ 9.9910380435431589e-01, -8.3333733712135649e-03,
       4.1498710979845928e-02, 8.6660070738326257e-03,
       9.9993169867460652e-01, -7.8420856353429887e-03,
       -4.1430525535275507e-02, 8.1946857152497745e-03,
       9.9910778131285671e-01 ]
R2: !!opencv-matrix
   rows: 3
   cols: 3
   dt: d
   data: [ 9.9874359881383934e-01, 5.5797716711879983e-03,
       4.9800501769341060e-02, -5.9791267410438205e-03,
       9.9995112603291447e-01, 7.8737277652200267e-03,
       -4.9754134218125683e-02, -8.1615987161627844e-03,
       9.9872814841407220e-01 ]
P1: !!opencv-matrix
   rows: 3
   cols: 4
   dt: d
   data: [ 1.3565819849596562e+03, 0., 5.8301094055175781e+02, 0., 0.,
       1.3565819849596562e+03, 2.6307204437255859e+02, 0., 0., 0., 1.,
       0. ]
P2: !!opencv-matrix
   rows: 3
   cols: 4
   dt: d
   data: [ 1.3565819849596562e+03, 0., 5.8301094055175781e+02,
       -5.5431336281637766e+02, 0., 1.3565819849596562e+03,
       2.6307204437255859e+02, 0., 0., 0., 1., 0. ]
Q: !!opencv-matrix
   rows: 4
   cols: 4
   dt: d
   data: [ 1., 0., 0., -5.8301094055175781e+02, 0., 1., 0.,
       -2.6307204437255859e+02, 0., 0., 0., 1.3565819849596562e+03, 0.,
       0., 2.4473196497863228e+00, 0. ]
