%YAML:1.0
---
M1: !!opencv-matrix
   rows: 3
   cols: 3
   dt: d
   data: [ 1.3023884325833628e+03, 0., 6.2938941783456153e+02, 0.,
       1.3046802689742483e+03, 2.9367491364129745e+02, 0., 0., 1. ]
D1: !!opencv-matrix
   rows: 1
   cols: 14
   dt: d
   data: [ -4.9358230574305079e-01, 3.4466819905507412e-01, 0., 0., 0.,
       0., 0., 2.2223390712136221e-01, 0., 0., 0., 0., 0., 0. ]
M2: !!opencv-matrix
   rows: 3
   cols: 3
   dt: d
   data: [ 1.3023884325833628e+03, 0., 6.8004381272432715e+02, 0.,
       1.3046802689742483e+03, 2.8161964266601251e+02, 0., 0., 1. ]
D2: !!opencv-matrix
   rows: 1
   cols: 14
   dt: d
   data: [ -4.7354116420953896e-01, 2.6937076760950313e-01, 0., 0., 0.,
       0., 0., 9.4321091995909823e-02, 0., 0., 0., 0., 0., 0. ]
