image: smooth_curve_path.pgm
resolution: 0.148200
#origin: [-15.20, -22.5, 0.000000]
origin: [0, 0, 0.000000]
negate: 0
occupied_thresh: 0.65
free_thresh: 0.196

